[27,12]
Metier:D_2_Zunique @ Chalutiers Arts dormants-10-12,D_metier_OTH_Zunique @ Chalutiers Arts dormants-10-12,F_1_Zunique @ Chalutiers Arts dormants-10-12,F_low_activity_3_Zunique @ Chalutiers Arts dormants-10-12,F_metier_OTH_Zunique @ Chalutiers Arts dormants-10-12,G_1_Zunique @ Chalutiers Arts dormants-10-12,G_2_Zunique @ Chalutiers Arts dormants-10-12,G_3_Zunique @ Chalutiers Arts dormants-10-12,G_4_Zunique @ Chalutiers Arts dormants-10-12,G_low_activity_2_Zunique @ Chalutiers Arts dormants-10-12,G_metier_OTH_Zunique @ Chalutiers Arts dormants-10-12,L_1_Zunique @ Chalutiers Arts dormants-10-12,L_3_Zunique @ Chalutiers Arts dormants-10-12,L_low_activity_3_Zunique @ Chalutiers Arts dormants-10-12,L_metier_OTH_Zunique @ Chalutiers Arts dormants-10-12,M_2_Zunique @ Chalutiers Arts dormants-10-12,M_3_Zunique @ Chalutiers Arts dormants-10-12,M_low_activity_2_Zunique @ Chalutiers Arts dormants-10-12,M_metier_OTH_Zunique @ Chalutiers Arts dormants-10-12,O_1_Zunique @ Chalutiers Arts dormants-10-12,O_2_Zunique @ Chalutiers Arts dormants-10-12,O_3_Zunique @ Chalutiers Arts dormants-10-12,O_4_Zunique @ Chalutiers Arts dormants-10-12,O_5_Zunique @ Chalutiers Arts dormants-10-12,O_low_activity_2_Zunique @ Chalutiers Arts dormants-10-12,O_metier_OTH_Zunique @ Chalutiers Arts dormants-10-12,T_low_activity_4_Zunique @ Chalutiers Arts dormants-10-12
fr.ifremer.isisfish.types.Month:0,1,2,3,4,5,6,7,8,9,10,11
25;0;0.005
10;0;0.418
4;0;0.1
2;0;0.02
5;0;0.057
7;0;0.157
14;0;0.043
12;0;0.158
20;0;0.043
25;1;0.017
10;1;0.256
4;1;0.065
2;1;0.005
5;1;0.005
7;1;0.305
14;1;0.114
12;1;0.199
20;1;0.033
25;2;0.013
10;2;0.124
4;2;0.022
2;2;0.005
5;2;0.175
7;2;0.138
9;2;0.003
14;2;0.174
23;2;0.056
12;2;0.05
20;2;0.215
22;2;0.025
10;3;0.071
5;3;0.299
7;3;0.006
14;3;0.177
23;3;0.056
12;3;0.092
20;3;0.265
22;3;0.034
25;4;0.02
10;4;0.025
4;4;0.002
5;4;0.269
7;4;0.051
14;4;0.165
23;4;0.097
24;4;0.004
12;4;0.116
20;4;0.192
22;4;0.054
26;4;0.005
25;5;0.016
10;5;0.01
4;5;0.001
5;5;0.145
7;5;0.046
9;5;0.001
14;5;0.152
23;5;0.095
24;5;0.012
12;5;0.059
20;5;0.318
22;5;0.145
25;6;0.021
10;6;0.031
5;6;0.147
7;6;0.021
9;6;0.002
14;6;0.276
23;6;0.13
24;6;0.007
20;6;0.333
22;6;0.032
25;7;0.013
10;7;0.029
4;7;0.006
5;7;0.082
7;7;0.001
14;7;0.353
23;7;0.095
24;7;0.005
12;7;0.018
20;7;0.376
22;7;0.022
25;8;0.04
10;8;0.043
4;8;0.005
5;8;0.008
7;8;0.067
14;8;0.307
12;8;0.01
20;8;0.406
22;8;0.102
21;8;0.011
25;9;0.084
10;9;0.056
5;9;0.013
7;9;0.086
14;9;0.272
23;9;0.013
12;9;0.105
20;9;0.304
22;9;0.068
25;10;0.072
10;10;0.062
5;10;0.022
7;10;0.027
9;10;0.022
14;10;0.112
12;10;0.32
20;10;0.252
22;10;0.112
25;11;0.02
10;11;0.303
5;11;0.022
9;11;0.002
14;11;0.164
12;11;0.348
20;11;0.073
1;11;0.018
22;11;0.051
12;6;0
1;0;0
1;1;0
1;2;0
1;3;0
1;4;0
1;5;0
1;6;0
1;7;0
1;8;0
1;9;0
1;10;0
19;0;0
19;1;0
19;2;0
19;3;0
19;4;0
19;5;0
19;6;0
19;7;0
19;8;0
19;9;0
19;10;0
19;11;0
0;0;0
0;1;0
0;2;0
0;3;0
0;4;0
0;5;0
0;6;0
0;7;0
0;8;0
0;9;0
0;10;0
0;11;0
4;3;0
4;6;0
4;9;0
4;10;0
4;11;0
25;3;0
7;11;0
2;3;0
2;4;0
2;5;0
2;6;0
2;7;0
2;8;0
2;9;0
2;10;0
2;11;0
22;0;0
22;1;0
23;0;0
23;1;0
23;8;0
23;10;0
23;11;0
24;0;0
24;1;0
24;2;0
24;3;0
24;8;0
24;9;0
24;10;0
24;11;0
9;0;0
9;1;0
9;3;0
9;4;0
9;7;0
9;8;0
9;9;0
8;0;0
8;1;0
8;2;0
8;3;0
8;4;0
8;5;0
8;6;0
8;7;0
8;8;0
8;9;0
8;10;0
8;11;0
3;0;0
3;1;0
3;2;0
3;3;0
3;4;0
3;5;0
3;6;0
3;7;0
3;8;0
3;9;0
3;10;0
3;11;0
15;0;0
15;1;0
15;2;0
15;3;0
15;4;0
15;5;0
15;6;0
15;7;0
15;8;0
15;9;0
15;10;0
15;11;0
18;0;0
18;1;0
18;2;0
18;3;0
18;4;0
18;5;0
18;6;0
18;7;0
18;8;0
18;9;0
18;10;0
18;11;0
17;0;0
17;1;0
17;2;0
17;3;0
17;4;0
17;5;0
17;6;0
17;7;0
17;8;0
17;9;0
17;10;0
17;11;0
16;0;0
16;1;0
16;2;0
16;3;0
16;4;0
16;5;0
16;6;0
16;7;0
16;8;0
16;9;0
16;10;0
16;11;0
21;0;0
21;1;0
21;2;0
21;3;0
21;4;0
21;5;0
21;6;0
21;7;0
21;9;0
21;10;0
21;11;0
6;0;0
6;1;0
6;2;0
6;3;0
6;4;0
6;5;0
6;6;0
6;7;0
6;8;0
6;9;0
6;10;0
6;11;0
13;0;0
13;1;0
13;2;0
13;3;0
13;4;0
13;5;0
13;6;0
13;7;0
13;8;0
13;9;0
13;10;0
13;11;0
11;0;0
11;1;0
11;2;0
11;3;0
11;4;0
11;5;0
11;6;0
11;7;0
11;8;0
11;9;0
11;10;0
11;11;0
26;0;0
26;1;0
26;2;0
26;3;0
26;5;0
26;6;0
26;7;0
26;8;0
26;9;0
26;10;0
26;11;0
