[27,12]
Metier:D_2_Zunique @ Flottilles agrégées-0-10,D_low_activity_1_Zunique @ Flottilles agrégées-0-10,D_metier_OTH_Zunique @ Flottilles agrégées-0-10,F_1_Zunique @ Flottilles agrégées-0-10,F_low_activity_3_Zunique @ Flottilles agrégées-0-10,F_metier_OTH_Zunique @ Flottilles agrégées-0-10,G_1_Zunique @ Flottilles agrégées-0-10,G_2_Zunique @ Flottilles agrégées-0-10,G_3_Zunique @ Flottilles agrégées-0-10,G_4_Zunique @ Flottilles agrégées-0-10,G_low_activity_2_Zunique @ Flottilles agrégées-0-10,G_metier_OTH_Zunique @ Flottilles agrégées-0-10,L_1_Zunique @ Flottilles agrégées-0-10,L_3_Zunique @ Flottilles agrégées-0-10,L_low_activity_3_Zunique @ Flottilles agrégées-0-10,L_metier_OTH_Zunique @ Flottilles agrégées-0-10,M_2_Zunique @ Flottilles agrégées-0-10,M_low_activity_2_Zunique @ Flottilles agrégées-0-10,M_metier_OTH_Zunique @ Flottilles agrégées-0-10,O_1_Zunique @ Flottilles agrégées-0-10,O_2_Zunique @ Flottilles agrégées-0-10,O_3_Zunique @ Flottilles agrégées-0-10,O_4_Zunique @ Flottilles agrégées-0-10,O_5_Zunique @ Flottilles agrégées-0-10,O_low_activity_2_Zunique @ Flottilles agrégées-0-10,O_metier_OTH_Zunique @ Flottilles agrégées-0-10,T_low_activity_4_Zunique @ Flottilles agrégées-0-10
fr.ifremer.isisfish.types.Month:0,1,2,3,4,5,6,7,8,9,10,11
25;0;0.006
11;0;0.59
5;0;0.128
3;0;0.002
6;0;0.005
8;0;0.013
10;0;0.003
15;0;0.125
23;0;0.003
24;0;0.005
13;0;0.06
20;0;0.022
2;0;0.02
22;0;0.008
9;0;0.001
0;0;0.007
18;0;0
12;0;0.001
14;0;0.001
25;1;0.016
11;1;0.646
5;1;0.133
3;1;0.001
6;1;0.012
8;1;0.026
10;1;0.001
15;1;0.055
23;1;0.011
24;1;0.003
13;1;0.021
20;1;0.027
2;1;0.037
22;1;0.002
7;1;0.001
4;1;0
9;1;0.001
0;1;0.002
18;1;0.001
21;1;0.001
12;1;0.001
25;2;0.025
11;2;0.518
5;2;0.148
3;2;0.004
6;2;0.047
8;2;0.017
10;2;0.004
15;2;0.123
23;2;0.015
24;2;0.003
13;2;0.025
20;2;0.03
2;2;0.015
22;2;0.01
7;2;0.001
4;2;0
9;2;0.002
0;2;0.006
18;2;0.003
21;2;0.002
25;3;0.031
11;3;0.287
5;3;0.166
3;3;0.003
6;3;0.104
8;3;0.031
10;3;0.009
15;3;0.173
23;3;0.025
24;3;0.004
13;3;0.061
20;3;0.065
2;3;0.012
22;3;0.007
4;3;0.006
0;3;0.005
18;3;0.001
21;3;0.003
17;3;0.002
12;3;0.004
16;3;0
1;3;0
25;4;0.045
11;4;0.162
5;4;0.193
3;4;0.004
6;4;0.1
8;4;0.031
10;4;0.008
15;4;0.207
23;4;0.022
24;4;0.003
13;4;0.072
20;4;0.107
2;4;0.02
22;4;0.01
7;4;0
4;4;0.002
9;4;0.002
0;4;0.003
18;4;0.001
21;4;0.005
17;4;0
12;4;0.001
25;5;0.056
11;5;0.145
5;5;0.174
3;5;0.007
6;5;0.073
8;5;0.012
10;5;0.004
15;5;0.269
23;5;0.017
24;5;0.002
13;5;0.079
20;5;0.123
2;5;0.015
22;5;0.013
9;5;0
0;5;0.001
18;5;0.004
12;5;0.005
14;5;0
25;6;0.075
11;6;0.114
5;6;0.149
3;6;0.005
6;6;0.051
8;6;0.014
10;6;0.002
15;6;0.309
23;6;0.019
24;6;0.004
13;6;0.076
20;6;0.127
2;6;0.025
22;6;0.019
9;6;0.001
0;6;0.001
18;6;0
21;6;0
17;6;0.002
12;6;0.003
14;6;0.003
25;7;0.08
11;7;0.108
5;7;0.158
3;7;0.004
6;7;0.047
8;7;0.017
10;7;0
15;7;0.321
23;7;0.011
24;7;0.001
13;7;0.072
20;7;0.108
2;7;0.042
22;7;0.025
0;7;0.001
18;7;0.002
21;7;0
12;7;0.001
14;7;0.002
1;7;0
25;8;0.078
11;8;0.107
5;8;0.208
3;8;0.005
6;8;0.033
8;8;0.016
15;8;0.31
23;8;0.007
24;8;0.002
13;8;0.086
20;8;0.099
2;8;0.026
22;8;0.021
18;8;0.001
21;8;0
12;8;0
14;8;0
25;9;0.075
11;9;0.078
5;9;0.277
3;9;0
6;9;0.027
8;9;0.011
10;9;0.002
15;9;0.297
23;9;0.006
24;9;0.001
13;9;0.063
20;9;0.113
2;9;0.025
22;9;0.019
0;9;0.001
18;9;0
21;9;0.001
17;9;0
19;9;0.003
12;9;0.001
25;10;0.03
11;10;0.175
5;10;0.299
3;10;0
6;10;0.013
8;10;0.02
10;10;0
15;10;0.23
23;10;0.004
24;10;0.002
13;10;0.088
20;10;0.08
2;10;0.041
22;10;0.013
0;10;0.002
18;10;0.002
19;10;0.001
12;10;0.001
25;11;0.006
11;11;0.411
5;11;0.2
3;11;0
6;11;0.009
8;11;0.014
10;11;0.001
15;11;0.169
23;11;0.005
24;11;0.003
13;11;0.084
20;11;0.028
2;11;0.056
22;11;0.007
0;11;0.005
18;11;0
12;11;0
7;0;0
7;3;0
7;5;0
7;6;0
7;7;0
7;8;0
7;9;0
7;10;0
7;11;0
12;2;0
21;0;0
21;5;0
21;10;0
21;11;0
0;8;0
9;3;0
9;7;0
9;8;0
9;9;0
9;10;0
9;11;0
10;8;0
4;0;0
4;5;0
4;6;0
4;7;0
4;8;0
4;9;0
4;10;0
4;11;0
14;1;0
14;2;0
14;3;0
14;4;0
14;9;0
14;10;0
14;11;0
19;0;0
19;1;0
19;2;0
19;3;0
19;4;0
19;5;0
19;6;0
19;7;0
19;8;0
19;11;0
26;0;0
26;1;0
26;2;0
26;3;0
26;4;0
26;5;0
26;6;0
26;7;0
26;8;0
26;9;0
26;10;0
26;11;0
17;0;0
17;1;0
17;2;0
17;5;0
17;7;0
17;8;0
17;10;0
17;11;0
1;0;0
1;1;0
1;2;0
1;4;0
1;5;0
1;6;0
1;8;0
1;9;0
1;10;0
1;11;0
16;0;0
16;1;0
16;2;0
16;4;0
16;5;0
16;6;0
16;7;0
16;8;0
16;9;0
16;10;0
16;11;0
