[27,12]
Metier:D_2_Zunique @ Chalutiers Arts dormants-10-12,D_metier_OTH_Zunique @ Chalutiers Arts dormants-10-12,F_1_Zunique @ Chalutiers Arts dormants-10-12,F_low_activity_3_Zunique @ Chalutiers Arts dormants-10-12,F_metier_OTH_Zunique @ Chalutiers Arts dormants-10-12,G_1_Zunique @ Chalutiers Arts dormants-10-12,G_2_Zunique @ Chalutiers Arts dormants-10-12,G_3_Zunique @ Chalutiers Arts dormants-10-12,G_4_Zunique @ Chalutiers Arts dormants-10-12,G_low_activity_2_Zunique @ Chalutiers Arts dormants-10-12,G_metier_OTH_Zunique @ Chalutiers Arts dormants-10-12,L_1_Zunique @ Chalutiers Arts dormants-10-12,L_3_Zunique @ Chalutiers Arts dormants-10-12,L_low_activity_3_Zunique @ Chalutiers Arts dormants-10-12,L_metier_OTH_Zunique @ Chalutiers Arts dormants-10-12,M_2_Zunique @ Chalutiers Arts dormants-10-12,M_3_Zunique @ Chalutiers Arts dormants-10-12,M_low_activity_2_Zunique @ Chalutiers Arts dormants-10-12,M_metier_OTH_Zunique @ Chalutiers Arts dormants-10-12,O_1_Zunique @ Chalutiers Arts dormants-10-12,O_2_Zunique @ Chalutiers Arts dormants-10-12,O_3_Zunique @ Chalutiers Arts dormants-10-12,O_4_Zunique @ Chalutiers Arts dormants-10-12,O_5_Zunique @ Chalutiers Arts dormants-10-12,O_low_activity_2_Zunique @ Chalutiers Arts dormants-10-12,O_metier_OTH_Zunique @ Chalutiers Arts dormants-10-12,T_low_activity_4_Zunique @ Chalutiers Arts dormants-10-12
fr.ifremer.isisfish.types.Month:0,1,2,3,4,5,6,7,8,9,10,11
25;0;0.016
10;0;0.188
4;0;0.04
7;0;0.103
14;0;0.089
23;0;0.038
12;0;0.211
20;0;0.313
22;0;0.002
25;1;0.001
10;1;0.191
4;1;0.008
5;1;0.011
7;1;0.139
14;1;0.243
23;1;0.061
12;1;0.071
20;1;0.267
1;1;0.002
22;1;0.005
25;2;0.006
10;2;0.096
4;2;0.012
2;2;0.003
5;2;0.07
7;2;0.101
9;2;0.004
14;2;0.196
23;2;0.09
12;2;0.067
20;2;0.313
22;2;0.045
25;3;0.028
10;3;0.081
4;3;0.024
5;3;0.263
7;3;0.006
14;3;0.149
23;3;0.099
12;3;0.007
20;3;0.247
22;3;0.094
25;4;0.038
10;4;0.01
5;4;0.293
7;4;0.052
9;4;0.011
14;4;0.123
23;4;0.027
12;4;0.004
20;4;0.299
22;4;0.142
25;5;0.056
10;5;0.038
5;5;0.181
9;5;0.034
14;5;0.169
23;5;0.081
12;5;0.028
20;5;0.27
22;5;0.142
25;6;0.089
10;6;0.026
4;6;0.005
5;6;0.166
14;6;0.177
23;6;0.018
12;6;0.016
20;6;0.377
22;6;0.127
25;7;0.088
10;7;0.022
5;7;0.286
14;7;0.123
23;7;0.014
12;7;0.02
20;7;0.335
22;7;0.11
17;7;0.003
25;8;0.024
10;8;0.006
5;8;0.074
7;8;0.014
9;8;0.01
14;8;0.182
23;8;0.012
12;8;0.024
20;8;0.516
22;8;0.131
19;8;0.008
25;9;0.017
10;9;0.013
5;9;0.088
7;9;0.038
14;9;0.176
12;9;0.034
20;9;0.473
22;9;0.161
25;10;0.016
10;10;0.024
4;10;0.019
5;10;0.003
7;10;0.16
9;10;0.013
14;10;0.076
12;10;0.225
20;10;0.324
1;10;0.068
22;10;0.071
25;11;0.006
10;11;0.125
4;11;0.032
5;11;0.022
7;11;0.176
9;11;0.021
14;11;0.096
23;11;0.015
12;11;0.242
20;11;0.204
1;11;0.047
22;11;0.007
0;11;0.007
1;0;0
1;2;0
1;3;0
1;4;0
1;5;0
1;6;0
1;7;0
1;8;0
1;9;0
19;0;0
19;1;0
19;2;0
19;3;0
19;4;0
19;5;0
19;6;0
19;7;0
19;9;0
19;10;0
19;11;0
0;0;0
0;1;0
0;2;0
0;3;0
0;4;0
0;5;0
0;6;0
0;7;0
0;8;0
0;9;0
0;10;0
4;4;0
4;5;0
4;7;0
4;8;0
4;9;0
7;5;0
7;6;0
7;7;0
2;0;0
2;1;0
2;3;0
2;4;0
2;5;0
2;6;0
2;7;0
2;8;0
2;9;0
2;10;0
2;11;0
5;0;0
23;9;0
23;10;0
24;0;0
24;1;0
24;2;0
24;3;0
24;4;0
24;5;0
24;6;0
24;7;0
24;8;0
24;9;0
24;10;0
24;11;0
9;0;0
9;1;0
9;3;0
9;6;0
9;7;0
9;9;0
8;0;0
8;1;0
8;2;0
8;3;0
8;4;0
8;5;0
8;6;0
8;7;0
8;8;0
8;9;0
8;10;0
8;11;0
3;0;0
3;1;0
3;2;0
3;3;0
3;4;0
3;5;0
3;6;0
3;7;0
3;8;0
3;9;0
3;10;0
3;11;0
15;0;0
15;1;0
15;2;0
15;3;0
15;4;0
15;5;0
15;6;0
15;7;0
15;8;0
15;9;0
15;10;0
15;11;0
18;0;0
18;1;0
18;2;0
18;3;0
18;4;0
18;5;0
18;6;0
18;7;0
18;8;0
18;9;0
18;10;0
18;11;0
17;0;0
17;1;0
17;2;0
17;3;0
17;4;0
17;5;0
17;6;0
17;8;0
17;9;0
17;10;0
17;11;0
16;0;0
16;1;0
16;2;0
16;3;0
16;4;0
16;5;0
16;6;0
16;7;0
16;8;0
16;9;0
16;10;0
16;11;0
21;0;0
21;1;0
21;2;0
21;3;0
21;4;0
21;5;0
21;6;0
21;7;0
21;8;0
21;9;0
21;10;0
21;11;0
6;0;0
6;1;0
6;2;0
6;3;0
6;4;0
6;5;0
6;6;0
6;7;0
6;8;0
6;9;0
6;10;0
6;11;0
13;0;0
13;1;0
13;2;0
13;3;0
13;4;0
13;5;0
13;6;0
13;7;0
13;8;0
13;9;0
13;10;0
13;11;0
11;0;0
11;1;0
11;2;0
11;3;0
11;4;0
11;5;0
11;6;0
11;7;0
11;8;0
11;9;0
11;10;0
11;11;0
26;0;0
26;1;0
26;2;0
26;3;0
26;4;0
26;5;0
26;6;0
26;7;0
26;8;0
26;9;0
26;10;0
26;11;0
