[27,12]
Metier:D_2_Zunique @ Chalutiers Arts dormants-10-12,D_metier_OTH_Zunique @ Chalutiers Arts dormants-10-12,F_1_Zunique @ Chalutiers Arts dormants-10-12,F_low_activity_3_Zunique @ Chalutiers Arts dormants-10-12,F_metier_OTH_Zunique @ Chalutiers Arts dormants-10-12,G_1_Zunique @ Chalutiers Arts dormants-10-12,G_2_Zunique @ Chalutiers Arts dormants-10-12,G_3_Zunique @ Chalutiers Arts dormants-10-12,G_4_Zunique @ Chalutiers Arts dormants-10-12,G_low_activity_2_Zunique @ Chalutiers Arts dormants-10-12,G_metier_OTH_Zunique @ Chalutiers Arts dormants-10-12,L_1_Zunique @ Chalutiers Arts dormants-10-12,L_3_Zunique @ Chalutiers Arts dormants-10-12,L_low_activity_3_Zunique @ Chalutiers Arts dormants-10-12,L_metier_OTH_Zunique @ Chalutiers Arts dormants-10-12,M_2_Zunique @ Chalutiers Arts dormants-10-12,M_3_Zunique @ Chalutiers Arts dormants-10-12,M_low_activity_2_Zunique @ Chalutiers Arts dormants-10-12,M_metier_OTH_Zunique @ Chalutiers Arts dormants-10-12,O_1_Zunique @ Chalutiers Arts dormants-10-12,O_2_Zunique @ Chalutiers Arts dormants-10-12,O_3_Zunique @ Chalutiers Arts dormants-10-12,O_4_Zunique @ Chalutiers Arts dormants-10-12,O_5_Zunique @ Chalutiers Arts dormants-10-12,O_low_activity_2_Zunique @ Chalutiers Arts dormants-10-12,O_metier_OTH_Zunique @ Chalutiers Arts dormants-10-12,T_low_activity_4_Zunique @ Chalutiers Arts dormants-10-12
fr.ifremer.isisfish.types.Month:0,1,2,3,4,5,6,7,8,9,10,11
25;0;0.009
10;0;0.161
4;0;0.11
2;0;0.003
7;0;0.164
14;0;0.087
23;0;0.016
12;0;0.199
20;0;0.175
1;0;0.002
22;0;0.074
21;0;0.001
25;1;0.002
10;1;0.133
4;1;0.104
5;1;0.082
7;1;0.173
14;1;0.062
23;1;0.092
12;1;0.021
20;1;0.262
1;1;0.035
22;1;0.026
21;1;0.007
25;2;0.038
10;2;0.045
4;2;0.078
5;2;0.209
7;2;0.116
14;2;0.086
23;2;0.072
12;2;0.061
20;2;0.247
22;2;0.043
21;2;0.004
25;3;0.039
10;3;0.15
4;3;0.05
5;3;0.205
7;3;0.043
23;3;0.031
12;3;0.022
20;3;0.333
1;3;0.003
22;3;0.123
25;4;0.148
10;4;0.058
4;4;0.021
5;4;0.094
7;4;0.009
9;4;0.004
14;4;0.007
23;4;0.102
12;4;0.002
20;4;0.395
22;4;0.16
21;4;0.001
25;5;0.088
10;5;0.012
4;5;0.007
5;5;0.08
7;5;0.015
9;5;0.027
14;5;0.006
23;5;0.044
12;5;0.001
20;5;0.547
22;5;0.173
21;5;0.001
25;6;0.093
10;6;0.026
5;6;0.123
7;6;0.039
14;6;0.055
23;6;0.117
12;6;0.023
20;6;0.516
22;6;0.009
25;7;0.152
10;7;0.034
5;7;0.102
7;7;0.015
14;7;0.053
23;7;0.086
24;7;0.009
12;7;0.033
20;7;0.508
22;7;0.005
21;7;0.003
25;8;0.081
10;8;0.005
5;8;0.059
7;8;0.025
14;8;0.093
23;8;0.042
12;8;0.016
20;8;0.665
22;8;0.012
25;9;0.032
10;9;0.002
5;9;0.104
14;9;0.051
23;9;0.022
12;9;0.019
20;9;0.723
22;9;0.047
25;10;0.02
10;10;0.019
4;10;0.044
5;10;0.016
7;10;0.015
14;10;0.127
12;10;0.081
20;10;0.563
1;10;0.08
22;10;0.034
25;11;0.025
10;11;0.081
4;11;0.052
7;11;0.133
14;11;0.086
23;11;0.01
12;11;0.072
20;11;0.367
1;11;0.143
22;11;0.032
14;3;0
1;2;0
1;4;0
1;5;0
1;6;0
1;7;0
1;8;0
1;9;0
19;0;0
19;1;0
19;2;0
19;3;0
19;4;0
19;5;0
19;6;0
19;7;0
19;8;0
19;9;0
19;10;0
19;11;0
0;0;0
0;1;0
0;2;0
0;3;0
0;4;0
0;5;0
0;6;0
0;7;0
0;8;0
0;9;0
0;10;0
0;11;0
4;6;0
4;7;0
4;8;0
4;9;0
7;9;0
2;1;0
2;2;0
2;3;0
2;4;0
2;5;0
2;6;0
2;7;0
2;8;0
2;9;0
2;10;0
2;11;0
5;0;0
5;11;0
23;10;0
24;0;0
24;1;0
24;2;0
24;3;0
24;4;0
24;5;0
24;6;0
24;8;0
24;9;0
24;10;0
24;11;0
9;0;0
9;1;0
9;2;0
9;3;0
9;6;0
9;7;0
9;8;0
9;9;0
9;10;0
9;11;0
8;0;0
8;1;0
8;2;0
8;3;0
8;4;0
8;5;0
8;6;0
8;7;0
8;8;0
8;9;0
8;10;0
8;11;0
3;0;0
3;1;0
3;2;0
3;3;0
3;4;0
3;5;0
3;6;0
3;7;0
3;8;0
3;9;0
3;10;0
3;11;0
15;0;0
15;1;0
15;2;0
15;3;0
15;4;0
15;5;0
15;6;0
15;7;0
15;8;0
15;9;0
15;10;0
15;11;0
18;0;0
18;1;0
18;2;0
18;3;0
18;4;0
18;5;0
18;6;0
18;7;0
18;8;0
18;9;0
18;10;0
18;11;0
17;0;0
17;1;0
17;2;0
17;3;0
17;4;0
17;5;0
17;6;0
17;7;0
17;8;0
17;9;0
17;10;0
17;11;0
16;0;0
16;1;0
16;2;0
16;3;0
16;4;0
16;5;0
16;6;0
16;7;0
16;8;0
16;9;0
16;10;0
16;11;0
21;3;0
21;6;0
21;8;0
21;9;0
21;10;0
21;11;0
6;0;0
6;1;0
6;2;0
6;3;0
6;4;0
6;5;0
6;6;0
6;7;0
6;8;0
6;9;0
6;10;0
6;11;0
13;0;0
13;1;0
13;2;0
13;3;0
13;4;0
13;5;0
13;6;0
13;7;0
13;8;0
13;9;0
13;10;0
13;11;0
11;0;0
11;1;0
11;2;0
11;3;0
11;4;0
11;5;0
11;6;0
11;7;0
11;8;0
11;9;0
11;10;0
11;11;0
26;0;0
26;1;0
26;2;0
26;3;0
26;4;0
26;5;0
26;6;0
26;7;0
26;8;0
26;9;0
26;10;0
26;11;0
