[27,12]
Metier:D_2_Zunique @ Chalutiers Arts dormants-10-12,D_metier_OTH_Zunique @ Chalutiers Arts dormants-10-12,F_1_Zunique @ Chalutiers Arts dormants-10-12,F_low_activity_3_Zunique @ Chalutiers Arts dormants-10-12,F_metier_OTH_Zunique @ Chalutiers Arts dormants-10-12,G_1_Zunique @ Chalutiers Arts dormants-10-12,G_2_Zunique @ Chalutiers Arts dormants-10-12,G_3_Zunique @ Chalutiers Arts dormants-10-12,G_4_Zunique @ Chalutiers Arts dormants-10-12,G_low_activity_2_Zunique @ Chalutiers Arts dormants-10-12,G_metier_OTH_Zunique @ Chalutiers Arts dormants-10-12,L_1_Zunique @ Chalutiers Arts dormants-10-12,L_3_Zunique @ Chalutiers Arts dormants-10-12,L_low_activity_3_Zunique @ Chalutiers Arts dormants-10-12,L_metier_OTH_Zunique @ Chalutiers Arts dormants-10-12,M_2_Zunique @ Chalutiers Arts dormants-10-12,M_3_Zunique @ Chalutiers Arts dormants-10-12,M_low_activity_2_Zunique @ Chalutiers Arts dormants-10-12,M_metier_OTH_Zunique @ Chalutiers Arts dormants-10-12,O_1_Zunique @ Chalutiers Arts dormants-10-12,O_2_Zunique @ Chalutiers Arts dormants-10-12,O_3_Zunique @ Chalutiers Arts dormants-10-12,O_4_Zunique @ Chalutiers Arts dormants-10-12,O_5_Zunique @ Chalutiers Arts dormants-10-12,O_low_activity_2_Zunique @ Chalutiers Arts dormants-10-12,O_metier_OTH_Zunique @ Chalutiers Arts dormants-10-12,T_low_activity_4_Zunique @ Chalutiers Arts dormants-10-12
fr.ifremer.isisfish.types.Month:0,1,2,3,4,5,6,7,8,9,10,11
25;0;0.09
10;0;0.147
4;0;0.062
2;0;0.009
5;0;0.014
7;0;0.125
14;0;0.055
12;0;0.04
20;0;0.422
22;0;0.034
25;1;0.05
10;1;0.07
4;1;0.086
5;1;0.082
7;1;0.092
14;1;0.085
23;1;0.08
12;1;0.044
20;1;0.304
1;1;0.017
22;1;0.067
21;1;0.024
25;2;0.086
10;2;0.169
4;2;0.079
2;2;0.013
5;2;0.258
14;2;0.024
23;2;0.094
24;2;0.008
20;2;0.182
22;2;0.061
21;2;0.027
25;3;0.197
10;3;0.178
4;3;0.025
5;3;0.038
7;3;0.013
12;3;0.007
20;3;0.357
22;3;0.107
21;3;0.078
25;4;0.147
10;4;0.048
4;4;0.015
5;4;0.046
7;4;0.007
14;4;0.011
23;4;0.034
24;4;0.009
12;4;0.004
20;4;0.547
22;4;0.13
21;4;0.001
25;5;0.151
10;5;0.004
4;5;0.002
5;5;0.109
7;5;0.009
9;5;0.004
14;5;0.016
23;5;0.078
24;5;0.015
20;5;0.48
22;5;0.132
21;5;0.002
25;6;0.212
10;6;0.009
5;6;0.086
9;6;0.014
14;6;0.061
23;6;0.079
12;6;0.002
20;6;0.524
22;6;0.011
25;7;0.15
10;7;0.015
5;7;0.03
9;7;0.002
14;7;0.094
23;7;0.053
12;7;0.022
20;7;0.611
22;7;0.023
18;7;0.001
25;8;0.137
5;8;0.014
7;8;0.047
9;8;0.012
14;8;0.018
23;8;0.004
12;8;0.011
20;8;0.699
22;8;0.044
21;8;0.014
25;9;0.046
10;9;0.01
4;9;0.015
5;9;0.014
7;9;0.03
14;9;0.017
12;9;0.021
20;9;0.829
22;9;0.017
3;9;0.002
25;10;0.119
10;10;0.053
4;10;0.079
5;10;0.016
7;10;0.033
9;10;0.01
14;10;0.013
23;10;0.017
12;10;0.005
20;10;0.446
1;10;0.194
22;10;0.013
0;10;0.002
25;11;0.061
10;11;0.065
4;11;0.106
7;11;0.104
9;11;0.012
14;11;0.013
12;11;0.008
20;11;0.322
1;11;0.285
22;11;0.019
0;11;0.003
14;3;0
12;2;0
12;5;0
1;0;0
1;2;0
1;3;0
1;4;0
1;5;0
1;6;0
1;7;0
1;8;0
1;9;0
19;0;0
19;1;0
19;2;0
19;3;0
19;4;0
19;5;0
19;6;0
19;7;0
19;8;0
19;9;0
19;10;0
19;11;0
0;0;0
0;1;0
0;2;0
0;3;0
0;4;0
0;5;0
0;6;0
0;7;0
0;8;0
0;9;0
4;6;0
4;7;0
4;8;0
10;8;0
7;2;0
7;6;0
7;7;0
2;1;0
2;3;0
2;4;0
2;5;0
2;6;0
2;7;0
2;8;0
2;9;0
2;10;0
2;11;0
5;11;0
23;0;0
23;3;0
23;9;0
23;11;0
24;0;0
24;1;0
24;3;0
24;6;0
24;7;0
24;8;0
24;9;0
24;10;0
24;11;0
9;0;0
9;1;0
9;2;0
9;3;0
9;4;0
9;9;0
8;0;0
8;1;0
8;2;0
8;3;0
8;4;0
8;5;0
8;6;0
8;7;0
8;8;0
8;9;0
8;10;0
8;11;0
3;0;0
3;1;0
3;2;0
3;3;0
3;4;0
3;5;0
3;6;0
3;7;0
3;8;0
3;10;0
3;11;0
15;0;0
15;1;0
15;2;0
15;3;0
15;4;0
15;5;0
15;6;0
15;7;0
15;8;0
15;9;0
15;10;0
15;11;0
18;0;0
18;1;0
18;2;0
18;3;0
18;4;0
18;5;0
18;6;0
18;8;0
18;9;0
18;10;0
18;11;0
17;0;0
17;1;0
17;2;0
17;3;0
17;4;0
17;5;0
17;6;0
17;7;0
17;8;0
17;9;0
17;10;0
17;11;0
16;0;0
16;1;0
16;2;0
16;3;0
16;4;0
16;5;0
16;6;0
16;7;0
16;8;0
16;9;0
16;10;0
16;11;0
21;0;0
21;6;0
21;7;0
21;9;0
21;10;0
21;11;0
6;0;0
6;1;0
6;2;0
6;3;0
6;4;0
6;5;0
6;6;0
6;7;0
6;8;0
6;9;0
6;10;0
6;11;0
13;0;0
13;1;0
13;2;0
13;3;0
13;4;0
13;5;0
13;6;0
13;7;0
13;8;0
13;9;0
13;10;0
13;11;0
11;0;0
11;1;0
11;2;0
11;3;0
11;4;0
11;5;0
11;6;0
11;7;0
11;8;0
11;9;0
11;10;0
11;11;0
26;0;0
26;1;0
26;2;0
26;3;0
26;4;0
26;5;0
26;6;0
26;7;0
26;8;0
26;9;0
26;10;0
26;11;0
