[27,12]
Metier:D_2_Zunique @ Chalutiers Arts dormants-10-12,D_metier_OTH_Zunique @ Chalutiers Arts dormants-10-12,F_1_Zunique @ Chalutiers Arts dormants-10-12,F_low_activity_3_Zunique @ Chalutiers Arts dormants-10-12,F_metier_OTH_Zunique @ Chalutiers Arts dormants-10-12,G_1_Zunique @ Chalutiers Arts dormants-10-12,G_2_Zunique @ Chalutiers Arts dormants-10-12,G_3_Zunique @ Chalutiers Arts dormants-10-12,G_4_Zunique @ Chalutiers Arts dormants-10-12,G_low_activity_2_Zunique @ Chalutiers Arts dormants-10-12,G_metier_OTH_Zunique @ Chalutiers Arts dormants-10-12,L_1_Zunique @ Chalutiers Arts dormants-10-12,L_3_Zunique @ Chalutiers Arts dormants-10-12,L_low_activity_3_Zunique @ Chalutiers Arts dormants-10-12,L_metier_OTH_Zunique @ Chalutiers Arts dormants-10-12,M_2_Zunique @ Chalutiers Arts dormants-10-12,M_3_Zunique @ Chalutiers Arts dormants-10-12,M_low_activity_2_Zunique @ Chalutiers Arts dormants-10-12,M_metier_OTH_Zunique @ Chalutiers Arts dormants-10-12,O_1_Zunique @ Chalutiers Arts dormants-10-12,O_2_Zunique @ Chalutiers Arts dormants-10-12,O_3_Zunique @ Chalutiers Arts dormants-10-12,O_4_Zunique @ Chalutiers Arts dormants-10-12,O_5_Zunique @ Chalutiers Arts dormants-10-12,O_low_activity_2_Zunique @ Chalutiers Arts dormants-10-12,O_metier_OTH_Zunique @ Chalutiers Arts dormants-10-12,T_low_activity_4_Zunique @ Chalutiers Arts dormants-10-12
fr.ifremer.isisfish.types.Month:0,1,2,3,4,5,6,7,8,9,10,11
25;0;0.084
10;0;0.293
4;0;0.075
2;0;0.001
5;0;0.04
7;0;0.139
9;0;0.006
14;0;0.019
23;0;0.029
24;0;0.029
12;0;0.047
20;0;0.2
22;0;0.038
25;1;0.079
10;1;0.072
4;1;0.032
5;1;0.245
7;1;0.068
9;1;0.006
14;1;0.063
23;1;0.04
24;1;0.007
20;1;0.24
1;1;0.051
22;1;0.078
21;1;0.019
25;2;0.186
10;2;0.187
4;2;0.032
5;2;0.267
7;2;0.018
14;2;0.012
23;2;0.038
20;2;0.135
22;2;0.063
21;2;0.063
25;3;0.081
10;3;0.131
4;3;0.024
5;3;0.279
7;3;0.031
14;3;0.048
23;3;0.01
24;3;0.001
12;3;0.008
20;3;0.266
22;3;0.113
3;3;0.001
21;3;0.009
25;4;0.02
10;4;0.028
4;4;0.013
5;4;0.057
7;4;0.009
14;4;0.028
23;4;0.17
20;4;0.577
22;4;0.086
15;4;0.012
25;5;0.083
10;5;0.004
4;5;0.003
5;5;0.034
14;5;0.027
23;5;0.171
12;5;0.001
20;5;0.515
22;5;0.145
3;5;0.004
18;5;0.002
15;5;0.011
25;6;0.162
10;6;0.012
4;6;0.009
5;6;0.05
9;6;0.006
14;6;0.182
23;6;0.06
12;6;0.036
20;6;0.387
22;6;0.05
18;6;0.004
17;6;0.003
15;6;0.039
25;7;0.171
10;7;0.047
4;7;0.005
5;7;0.055
7;7;0.003
9;7;0.003
14;7;0.082
23;7;0.064
24;7;0.003
12;7;0.007
20;7;0.416
22;7;0.115
18;7;0.008
17;7;0.003
15;7;0.019
25;8;0.184
10;8;0.011
4;8;0.001
5;8;0.144
7;8;0.018
14;8;0.14
12;8;0.047
20;8;0.414
22;8;0.039
25;9;0.046
10;9;0.033
5;9;0.247
14;9;0.089
23;9;0.012
12;9;0.043
20;9;0.41
1;9;0.034
22;9;0.085
25;10;0.085
10;10;0.006
4;10;0.04
5;10;0.043
7;10;0.025
14;10;0.011
23;10;0.017
12;10;0.011
20;10;0.593
1;10;0.103
22;10;0.065
25;11;0.112
10;11;0.063
4;11;0.149
7;11;0.008
9;11;0.008
12;11;0.015
20;11;0.438
1;11;0.208
14;11;0
12;1;0
12;2;0
12;4;0
1;0;0
1;2;0
1;3;0
1;4;0
1;5;0
1;6;0
1;7;0
1;8;0
19;0;0
19;1;0
19;2;0
19;3;0
19;4;0
19;5;0
19;6;0
19;7;0
19;8;0
19;9;0
19;10;0
19;11;0
0;0;0
0;1;0
0;2;0
0;3;0
0;4;0
0;5;0
0;6;0
0;7;0
0;8;0
0;9;0
0;10;0
0;11;0
4;9;0
7;5;0
7;6;0
7;9;0
2;1;0
2;2;0
2;3;0
2;4;0
2;5;0
2;6;0
2;7;0
2;8;0
2;9;0
2;10;0
2;11;0
22;11;0
5;11;0
23;8;0
23;11;0
24;2;0
24;4;0
24;5;0
24;6;0
24;8;0
24;9;0
24;10;0
24;11;0
9;2;0
9;3;0
9;4;0
9;5;0
9;8;0
9;9;0
9;10;0
8;0;0
8;1;0
8;2;0
8;3;0
8;4;0
8;5;0
8;6;0
8;7;0
8;8;0
8;9;0
8;10;0
8;11;0
3;0;0
3;1;0
3;2;0
3;4;0
3;6;0
3;7;0
3;8;0
3;9;0
3;10;0
3;11;0
15;0;0
15;1;0
15;2;0
15;3;0
15;8;0
15;9;0
15;10;0
15;11;0
18;0;0
18;1;0
18;2;0
18;3;0
18;4;0
18;8;0
18;9;0
18;10;0
18;11;0
17;0;0
17;1;0
17;2;0
17;3;0
17;4;0
17;5;0
17;8;0
17;9;0
17;10;0
17;11;0
16;0;0
16;1;0
16;2;0
16;3;0
16;4;0
16;5;0
16;6;0
16;7;0
16;8;0
16;9;0
16;10;0
16;11;0
21;0;0
21;4;0
21;5;0
21;6;0
21;7;0
21;8;0
21;9;0
21;10;0
21;11;0
6;0;0
6;1;0
6;2;0
6;3;0
6;4;0
6;5;0
6;6;0
6;7;0
6;8;0
6;9;0
6;10;0
6;11;0
13;0;0
13;1;0
13;2;0
13;3;0
13;4;0
13;5;0
13;6;0
13;7;0
13;8;0
13;9;0
13;10;0
13;11;0
11;0;0
11;1;0
11;2;0
11;3;0
11;4;0
11;5;0
11;6;0
11;7;0
11;8;0
11;9;0
11;10;0
11;11;0
26;0;0
26;1;0
26;2;0
26;3;0
26;4;0
26;5;0
26;6;0
26;7;0
26;8;0
26;9;0
26;10;0
26;11;0
